 
 
       1
       1   0.209E-07   0.467E-07   0.000E+00   0.000E+00   0.000E+00
       2   0.319E-05   0.807E-05   0.000E+00   0.000E+00   0.000E+00
       3   0.205E-03   0.718E-03   0.000E+00   0.000E+00   0.000E+00
       4   0.301E-02   0.109E-01   0.000E+00   0.000E+00   0.000E+00
       5   0.118E-01   0.452E-01   0.000E+00   0.000E+00   0.000E+00
       6   0.302E-01   0.968E-01   0.000E+00   0.000E+00   0.000E+00
       7   0.522E-01   0.164E+00   0.000E+00   0.000E+00   0.000E+00
       8   0.804E-01   0.230E+00   0.000E+00   0.000E+00   0.000E+00
       9   0.114E+00   0.338E+00   0.000E+00   0.000E+00   0.000E+00
      10   0.103E+00   0.301E+00   0.000E+00   0.000E+00   0.000E+00
      11   0.149E+00   0.346E+00   0.000E+00   0.000E+00   0.000E+00
      12   0.186E+00   0.364E+00   0.000E+00   0.000E+00   0.000E+00
      13   0.177E+00   0.530E+00   0.000E+00   0.000E+00   0.000E+00
      14   0.216E+00   0.269E+01   0.000E+00   0.000E+00   0.000E+00
      15   0.216E+00   0.262E+01   0.000E+00   0.000E+00   0.000E+00
      16   0.289E+00   0.379E+01   0.000E+00   0.000E+00   0.000E+00
      17   0.325E+00   0.458E+01   0.000E+00   0.000E+00   0.000E+00
      18   0.310E+00   0.403E+01   0.000E+00   0.000E+00   0.000E+00
      19   0.368E+00   0.648E+01   0.000E+00   0.000E+00   0.000E+00
      20   0.307E+00   0.643E+01   0.000E+00   0.000E+00   0.000E+00
      21   0.444E+00   0.103E+02   0.000E+00   0.000E+00   0.000E+00
      22   0.366E+00   0.922E+01   0.000E+00   0.000E+00   0.000E+00
      23   0.307E+00   0.529E+00   0.000E+00   0.000E+00   0.000E+00
      24   0.224E+02   0.119E+02   0.000E+00   0.000E+00   0.000E+00
      25   0.322E+02   0.997E+01   0.000E+00   0.000E+00   0.000E+00
      26   0.346E+02   0.679E+01   0.000E+00   0.000E+00   0.000E+00
      27   0.297E+02   0.408E+01   0.000E+00   0.000E+00   0.000E+00
 
       8
       1   0.209E-07   0.359E-07   0.104E-07   0.611E-08   0.653E-11
       2   0.319E-05   0.707E-05   0.159E-05   0.126E-05   0.109E-08
       3   0.205E-03   0.652E-03   0.102E-03   0.118E-03   0.888E-07
       4   0.301E-02   0.996E-02   0.151E-02   0.179E-02   0.134E-05
       5   0.118E-01   0.404E-01   0.589E-02   0.722E-02   0.548E-05
       6   0.302E-01   0.853E-01   0.151E-01   0.152E-01   0.122E-04
       7   0.522E-01   0.144E+00   0.261E-01   0.256E-01   0.208E-04
       8   0.804E-01   0.202E+00   0.402E-01   0.360E-01   0.299E-04
       9   0.114E+00   0.413E+00   0.571E-01   0.833E-01   0.435E-04
      10   0.103E+00   0.365E+00   0.515E-01   0.738E-01   0.388E-04
      11   0.149E+00   0.345E+00   0.747E-01   0.668E-01   0.478E-04
      12   0.186E+00   0.367E+00   0.928E-01   0.715E-01   0.531E-04
      13   0.177E+00   0.419E+00   0.887E-01   0.750E-01   0.683E-04
      14   0.216E+00   0.501E+01   0.108E+00   0.122E+01   0.272E-03
      15   0.216E+00   0.492E+01   0.108E+00   0.119E+01   0.265E-03
      16   0.289E+00   0.718E+01   0.144E+00   0.174E+01   0.381E-03
      17   0.325E+00   0.876E+01   0.163E+00   0.211E+01   0.458E-03
      18   0.310E+00   0.770E+01   0.155E+00   0.186E+01   0.405E-03
      19   0.368E+00   0.126E+02   0.184E+00   0.301E+01   0.638E-03
      20   0.307E+00   0.127E+02   0.154E+00   0.301E+01   0.628E-03
      21   0.444E+00   0.205E+02   0.222E+00   0.485E+01   0.100E-02
      22   0.366E+00   0.185E+02   0.183E+00   0.435E+01   0.894E-03
      23   0.307E+00   0.633E+00   0.154E+00   0.135E+00   0.810E-04
      24   0.224E+02   0.158E+02   0.112E+02   0.345E+01   0.336E-02
      25   0.322E+02   0.154E+02   0.161E+02   0.347E+01   0.414E-02
      26   0.346E+02   0.120E+02   0.173E+02   0.281E+01   0.408E-02
      27   0.297E+02   0.767E+01   0.149E+02   0.182E+01   0.334E-02
 
       7
       1   0.000E+00   0.000E+00   0.104E-07   0.234E-07   0.297E-10
       2   0.000E+00   0.000E+00   0.159E-05   0.404E-05   0.494E-08
       3   0.000E+00   0.000E+00   0.102E-03   0.359E-03   0.404E-06
       4   0.000E+00   0.000E+00   0.151E-02   0.546E-02   0.609E-05
       5   0.000E+00   0.000E+00   0.589E-02   0.226E-01   0.249E-04
       6   0.000E+00   0.000E+00   0.151E-01   0.484E-01   0.556E-04
       7   0.000E+00   0.000E+00   0.261E-01   0.819E-01   0.945E-04
       8   0.000E+00   0.000E+00   0.402E-01   0.115E+00   0.136E-03
       9   0.000E+00   0.000E+00   0.571E-01   0.169E+00   0.197E-03
      10   0.000E+00   0.000E+00   0.515E-01   0.151E+00   0.177E-03
      11   0.000E+00   0.000E+00   0.747E-01   0.173E+00   0.218E-03
      12   0.000E+00   0.000E+00   0.928E-01   0.182E+00   0.242E-03
      13   0.000E+00   0.000E+00   0.887E-01   0.265E+00   0.311E-03
      14   0.000E+00   0.000E+00   0.108E+00   0.134E+01   0.123E-02
      15   0.000E+00   0.000E+00   0.108E+00   0.131E+01   0.120E-02
      16   0.000E+00   0.000E+00   0.144E+00   0.189E+01   0.172E-02
      17   0.000E+00   0.000E+00   0.163E+00   0.229E+01   0.207E-02
      18   0.000E+00   0.000E+00   0.155E+00   0.201E+01   0.183E-02
      19   0.000E+00   0.000E+00   0.184E+00   0.324E+01   0.288E-02
      20   0.000E+00   0.000E+00   0.154E+00   0.322E+01   0.284E-02
      21   0.000E+00   0.000E+00   0.222E+00   0.516E+01   0.453E-02
      22   0.000E+00   0.000E+00   0.183E+00   0.461E+01   0.403E-02
      23   0.000E+00   0.000E+00   0.154E+00   0.265E+00   0.369E-03
      24   0.000E+00   0.000E+00   0.112E+02   0.595E+01   0.153E-01
      25   0.000E+00   0.000E+00   0.161E+02   0.500E+01   0.189E-01
      26   0.000E+00   0.000E+00   0.173E+02   0.341E+01   0.187E-01
      27   0.000E+00   0.000E+00   0.149E+02   0.205E+01   0.153E-01
 
       6
       1   0.209E-07   0.230E-07   0.104E-07   0.117E-07   0.172E-10
       2   0.319E-05   0.383E-05   0.159E-05   0.195E-05   0.286E-08
       3   0.205E-03   0.338E-03   0.102E-03   0.172E-03   0.235E-06
       4   0.301E-02   0.513E-02   0.151E-02   0.261E-02   0.355E-05
       5   0.118E-01   0.214E-01   0.589E-02   0.109E-01   0.145E-04
       6   0.302E-01   0.459E-01   0.151E-01   0.233E-01   0.323E-04
       7   0.522E-01   0.778E-01   0.261E-01   0.395E-01   0.549E-04
       8   0.804E-01   0.109E+00   0.402E-01   0.556E-01   0.790E-04
       9   0.114E+00   0.152E+00   0.571E-01   0.771E-01   0.115E-03
      10   0.103E+00   0.137E+00   0.515E-01   0.696E-01   0.103E-03
      11   0.149E+00   0.169E+00   0.747E-01   0.858E-01   0.126E-03
      12   0.186E+00   0.178E+00   0.928E-01   0.907E-01   0.139E-03
      13   0.177E+00   0.275E+00   0.887E-01   0.140E+00   0.180E-03
      14   0.216E+00   0.759E+00   0.108E+00   0.381E+00   0.734E-03
      15   0.216E+00   0.736E+00   0.108E+00   0.369E+00   0.716E-03
      16   0.289E+00   0.106E+01   0.144E+00   0.530E+00   0.103E-02
      17   0.325E+00   0.127E+01   0.163E+00   0.637E+00   0.124E-02
      18   0.310E+00   0.112E+01   0.155E+00   0.561E+00   0.110E-02
      19   0.368E+00   0.179E+01   0.184E+00   0.895E+00   0.173E-02
      20   0.307E+00   0.177E+01   0.154E+00   0.884E+00   0.170E-02
      21   0.444E+00   0.283E+01   0.222E+00   0.142E+01   0.272E-02
      22   0.366E+00   0.252E+01   0.183E+00   0.126E+01   0.242E-02
      23   0.307E+00   0.284E+00   0.154E+00   0.145E+00   0.212E-03
      24   0.224E+02   0.654E+01   0.112E+02   0.333E+01   0.868E-02
      25   0.322E+02   0.572E+01   0.161E+02   0.292E+01   0.107E-01
      26   0.346E+02   0.417E+01   0.173E+02   0.213E+01   0.105E-01
      27   0.297E+02   0.260E+01   0.149E+02   0.133E+01   0.855E-02
 
       5
       1   0.209E-07   0.240E-07   0.104E-07   0.122E-07   0.168E-10
       2   0.319E-05   0.494E-05   0.159E-05   0.251E-05   0.279E-08
       3   0.205E-03   0.458E-03   0.102E-03   0.233E-03   0.228E-06
       4   0.301E-02   0.703E-02   0.151E-02   0.358E-02   0.345E-05
       5   0.118E-01   0.283E-01   0.589E-02   0.144E-01   0.141E-04
       6   0.302E-01   0.596E-01   0.151E-01   0.304E-01   0.315E-04
       7   0.522E-01   0.100E+00   0.261E-01   0.511E-01   0.535E-04
       8   0.804E-01   0.141E+00   0.402E-01   0.719E-01   0.770E-04
       9   0.114E+00   0.317E+00   0.571E-01   0.162E+00   0.112E-03
      10   0.103E+00   0.281E+00   0.515E-01   0.143E+00   0.999E-04
      11   0.149E+00   0.253E+00   0.747E-01   0.129E+00   0.123E-03
      12   0.186E+00   0.270E+00   0.928E-01   0.138E+00   0.136E-03
      13   0.177E+00   0.286E+00   0.887E-01   0.146E+00   0.175E-03
      14   0.216E+00   0.426E+01   0.108E+00   0.219E+01   0.702E-03
      15   0.216E+00   0.419E+01   0.108E+00   0.215E+01   0.684E-03
      16   0.289E+00   0.611E+01   0.144E+00   0.314E+01   0.983E-03
      17   0.325E+00   0.746E+01   0.163E+00   0.383E+01   0.118E-02
      18   0.310E+00   0.656E+01   0.155E+00   0.337E+01   0.105E-02
      19   0.368E+00   0.107E+02   0.184E+00   0.550E+01   0.165E-02
      20   0.307E+00   0.108E+02   0.154E+00   0.553E+01   0.162E-02
      21   0.444E+00   0.175E+02   0.222E+00   0.895E+01   0.259E-02
      22   0.366E+00   0.157E+02   0.183E+00   0.806E+01   0.231E-02
      23   0.307E+00   0.489E+00   0.154E+00   0.250E+00   0.208E-03
      24   0.224E+02   0.125E+02   0.112E+02   0.640E+01   0.859E-02
      25   0.322E+02   0.124E+02   0.161E+02   0.637E+01   0.106E-01
      26   0.346E+02   0.995E+01   0.173E+02   0.510E+01   0.104E-01
      27   0.297E+02   0.638E+01   0.149E+02   0.327E+01   0.852E-02
 
       4
       1   0.209E-07   0.230E-07   0.104E-07   0.117E-07   0.169E-10
       2   0.319E-05   0.383E-05   0.159E-05   0.195E-05   0.282E-08
       3   0.205E-03   0.338E-03   0.102E-03   0.172E-03   0.231E-06
       4   0.301E-02   0.513E-02   0.151E-02   0.261E-02   0.349E-05
       5   0.118E-01   0.214E-01   0.589E-02   0.109E-01   0.143E-04
       6   0.302E-01   0.459E-01   0.151E-01   0.233E-01   0.318E-04
       7   0.522E-01   0.779E-01   0.261E-01   0.395E-01   0.540E-04
       8   0.804E-01   0.109E+00   0.402E-01   0.556E-01   0.777E-04
       9   0.114E+00   0.152E+00   0.571E-01   0.771E-01   0.113E-03
      10   0.103E+00   0.137E+00   0.515E-01   0.696E-01   0.101E-03
      11   0.149E+00   0.169E+00   0.747E-01   0.858E-01   0.124E-03
      12   0.186E+00   0.178E+00   0.928E-01   0.907E-01   0.137E-03
      13   0.177E+00   0.275E+00   0.887E-01   0.140E+00   0.177E-03
      14   0.216E+00   0.759E+00   0.108E+00   0.381E+00   0.723E-03
      15   0.216E+00   0.736E+00   0.108E+00   0.369E+00   0.705E-03
      16   0.289E+00   0.106E+01   0.144E+00   0.530E+00   0.101E-02
      17   0.325E+00   0.127E+01   0.163E+00   0.637E+00   0.122E-02
      18   0.310E+00   0.112E+01   0.155E+00   0.561E+00   0.108E-02
      19   0.368E+00   0.179E+01   0.184E+00   0.895E+00   0.170E-02
      20   0.307E+00   0.177E+01   0.154E+00   0.884E+00   0.168E-02
      21   0.444E+00   0.283E+01   0.222E+00   0.142E+01   0.268E-02
      22   0.366E+00   0.252E+01   0.183E+00   0.126E+01   0.239E-02
      23   0.307E+00   0.284E+00   0.154E+00   0.145E+00   0.209E-03
      24   0.224E+02   0.655E+01   0.112E+02   0.333E+01   0.854E-02
      25   0.322E+02   0.572E+01   0.161E+02   0.292E+01   0.105E-01
      26   0.346E+02   0.417E+01   0.173E+02   0.213E+01   0.103E-01
      27   0.297E+02   0.261E+01   0.149E+02   0.133E+01   0.841E-02
 
       3
       1   0.209E-07   0.230E-07   0.104E-07   0.115E-07   0.172E-10
       2   0.319E-05   0.346E-05   0.159E-05   0.173E-05   0.286E-08
       3   0.205E-03   0.296E-03   0.102E-03   0.148E-03   0.235E-06
       4   0.301E-02   0.450E-02   0.151E-02   0.225E-02   0.355E-05
       5   0.118E-01   0.191E-01   0.589E-02   0.956E-02   0.145E-04
       6   0.302E-01   0.416E-01   0.151E-01   0.208E-01   0.323E-04
       7   0.522E-01   0.712E-01   0.261E-01   0.356E-01   0.549E-04
       8   0.804E-01   0.101E+00   0.402E-01   0.504E-01   0.790E-04
       9   0.114E+00   0.106E+00   0.571E-01   0.528E-01   0.115E-03
      10   0.103E+00   0.962E-01   0.515E-01   0.481E-01   0.103E-03
      11   0.149E+00   0.137E+00   0.747E-01   0.686E-01   0.126E-03
      12   0.186E+00   0.143E+00   0.928E-01   0.717E-01   0.140E-03
      13   0.177E+00   0.252E+00   0.887E-01   0.126E+00   0.180E-03
      14   0.216E+00   0.304E+00   0.108E+00   0.152E+00   0.735E-03
      15   0.216E+00   0.284E+00   0.108E+00   0.142E+00   0.717E-03
      16   0.289E+00   0.393E+00   0.144E+00   0.196E+00   0.103E-02
      17   0.325E+00   0.454E+00   0.163E+00   0.227E+00   0.124E-02
      18   0.310E+00   0.399E+00   0.155E+00   0.200E+00   0.110E-02
      19   0.368E+00   0.599E+00   0.184E+00   0.300E+00   0.173E-02
      20   0.307E+00   0.554E+00   0.154E+00   0.277E+00   0.170E-02
      21   0.444E+00   0.848E+00   0.222E+00   0.424E+00   0.272E-02
      22   0.366E+00   0.728E+00   0.183E+00   0.364E+00   0.243E-02
      23   0.307E+00   0.197E+00   0.154E+00   0.986E-01   0.212E-03
      24   0.224E+02   0.424E+01   0.112E+02   0.212E+01   0.869E-02
      25   0.322E+02   0.319E+01   0.161E+02   0.159E+01   0.107E-01
      26   0.346E+02   0.181E+01   0.173E+02   0.904E+00   0.105E-01
      27   0.297E+02   0.104E+01   0.149E+02   0.522E+00   0.855E-02
 
       2
       1   0.209E-07   0.471E-07   0.000E+00   0.000E+00   0.000E+00
       2   0.319E-05   0.814E-05   0.000E+00   0.000E+00   0.000E+00
       3   0.205E-03   0.724E-03   0.000E+00   0.000E+00   0.000E+00
       4   0.301E-02   0.110E-01   0.000E+00   0.000E+00   0.000E+00
       5   0.118E-01   0.456E-01   0.000E+00   0.000E+00   0.000E+00
       6   0.302E-01   0.976E-01   0.000E+00   0.000E+00   0.000E+00
       7   0.522E-01   0.165E+00   0.000E+00   0.000E+00   0.000E+00
       8   0.804E-01   0.232E+00   0.000E+00   0.000E+00   0.000E+00
       9   0.114E+00   0.340E+00   0.000E+00   0.000E+00   0.000E+00
      10   0.103E+00   0.303E+00   0.000E+00   0.000E+00   0.000E+00
      11   0.149E+00   0.348E+00   0.000E+00   0.000E+00   0.000E+00
      12   0.186E+00   0.366E+00   0.000E+00   0.000E+00   0.000E+00
      13   0.177E+00   0.533E+00   0.000E+00   0.000E+00   0.000E+00
      14   0.216E+00   0.269E+01   0.000E+00   0.000E+00   0.000E+00
      15   0.216E+00   0.262E+01   0.000E+00   0.000E+00   0.000E+00
      16   0.289E+00   0.379E+01   0.000E+00   0.000E+00   0.000E+00
      17   0.325E+00   0.458E+01   0.000E+00   0.000E+00   0.000E+00
      18   0.310E+00   0.403E+01   0.000E+00   0.000E+00   0.000E+00
      19   0.368E+00   0.648E+01   0.000E+00   0.000E+00   0.000E+00
      20   0.307E+00   0.643E+01   0.000E+00   0.000E+00   0.000E+00
      21   0.444E+00   0.103E+02   0.000E+00   0.000E+00   0.000E+00
      22   0.366E+00   0.923E+01   0.000E+00   0.000E+00   0.000E+00
      23   0.307E+00   0.531E+00   0.000E+00   0.000E+00   0.000E+00
      24   0.224E+02   0.119E+02   0.000E+00   0.000E+00   0.000E+00
      25   0.322E+02   0.100E+02   0.000E+00   0.000E+00   0.000E+00
      26   0.346E+02   0.682E+01   0.000E+00   0.000E+00   0.000E+00
      27   0.297E+02   0.410E+01   0.000E+00   0.000E+00   0.000E+00
